Indice          omega         comb. lin.    err       modulo      fase
    0 -6.88638352706286752e-09    0   0  6.8864e-09 1.6510e+00  1.504e-11
    1 -1.06985861354384940e-01   -1   0  1.9279e-07 2.6685e-02 -1.718e-02
    2  1.06986054146310114e-01    1   0  0.0000e+00 2.1527e-02  1.717e-02
    3 -3.20959796770204753e-01   -3   0  1.6343e-06 5.4627e-03  2.670e+00
    4 -2.13971729686589618e-01   -2   0  3.7861e-07 3.8065e-03 -9.345e-01
    5 -9.15508273739518486e-01    0   1  0.0000e+00 3.2662e-03  1.824e+00
    6  3.20960023275240536e-01    3   0  1.8608e-06 2.8081e-03 -2.670e+00
    7  2.13971770944410139e-01    2   0  3.3735e-07 2.4646e-03  9.344e-01
    8 -4.27943303085498994e-01   -4   0  9.1350e-07 2.4073e-03  1.891e+00
    9  4.27943407078876958e-01    4   0  8.0951e-07 9.6440e-04 -1.891e+00
   10 -5.34929788666716477e-01   -5   0  4.8206e-07 8.8389e-04  2.104e-03
   11 -6.41913573071081101e-01   -6   0  2.7518e-06 8.4459e-04 -1.319e+00
   12 -1.02249471682628279e+00   -1   1  3.8894e-07 8.3652e-04 -1.351e+00
   13 -8.08522854492475740e-01    1   1  6.3490e-07 8.2342e-04  1.830e+00
   14 -7.48912528463124838e-01   -7   0  1.0149e-05 2.8412e-04 -1.494e+00


  Ampiezza massima segnale dopo sottrazione finale:
 1.05933933275312764e-03

