Indice          omega         comb. lin.    err       modulo      fase
    0 -1.86111462939346943e-13    0   0  1.8611e-13 1.6510e+00  3.014e-13
    1 -1.06985933345667833e-01   -1   0  2.1091e-11 2.6685e-02  1.109e+00
    2  1.06985933366758476e-01    1   0  0.0000e+00 2.1527e-02 -1.109e+00
    3 -3.20957800188561682e-01   -3   0  8.8286e-11 5.4627e-03 -2.353e-01
    4 -2.13971866713179221e-01   -2   0  2.0338e-11 3.8065e-03  1.318e+00
    5 -9.15509063351918284e-01    0   1  0.0000e+00 3.2662e-03 -3.036e+00
    6  3.20957800228205192e-01    3   0  1.2793e-10 2.8081e-03  2.352e-01
    7  2.13971866715207099e-01    2   0  1.8310e-11 2.4646e-03 -1.318e+00
    8 -4.27943733409248128e-01   -4   0  5.7786e-11 2.4073e-03  1.116e-01
    9  4.27943733325608033e-01    4   0  1.4143e-10 9.6440e-04 -1.118e-01
   10 -5.34929667334227976e-01   -5   0  5.0044e-10 8.8391e-04 -6.510e-01
   11 -8.08523129815930330e-01    1   1  1.6923e-10 8.2331e-04  2.128e+00
   12 -6.41915599552157268e-01   -6   0  6.4839e-10 8.4467e-04 -8.461e-01
   13 -1.02249499720995951e+00   -1   1  4.9128e-10 8.3651e-04  1.199e+00
   14 -7.48901534829864102e-01   -7   0  1.2626e-09 2.8402e-04  1.044e-01


  Ampiezza massima segnale dopo sottrazione finale:
 1.06308185648234426e-03

