Indice          omega         comb. lin.    err       modulo      fase
    0 -7.06319845405055590e-09    0   0  7.0632e-09 1.6566e+00 -1.816e-09
    1 -9.10316330971153276e-01    1   0  0.0000e+00 8.6368e-02 -2.255e+00
    2 -1.06985871258033216e-01    0  -1  1.9347e-07 2.7248e-02 -1.755e-02
    3  1.06986064725664909e-01    0   1  0.0000e+00 2.1981e-02  1.754e-02
    4 -8.03330781422060380e-01    1   1  5.1518e-07 2.2298e-02 -2.248e+00
    5 -1.01730323409254408e+00    1  -1  8.3840e-07 2.2687e-02  8.532e-01
    6 -3.20959206230681415e-01    0  -3  1.0121e-06 5.5856e-03  2.670e+00
    7 -6.96347029497778269e-01    1   2  2.8280e-06 4.3743e-03 -1.936e+00
    8 -2.13971785702881612e-01    0  -2  3.4375e-07 3.9042e-03 -9.273e-01
    9  9.10316233732533453e-01   -1   0  9.7239e-08 4.0547e-03  2.250e+00
   10  3.20959471724124090e-01    0   3  1.2775e-06 2.8713e-03 -2.670e+00
   11  2.13971860849545864e-01    0   2  2.6860e-07 2.5279e-03  9.272e-01
   12 -4.27940348573141727e-01    0  -4  3.9103e-06 2.4892e-03  1.896e+00
   13  8.03330927087595348e-01   -1  -1  6.6084e-07 2.4318e-03  2.246e+00
   14 -1.12429004803059818e+00    1  -2  1.5876e-06 2.3626e-03 -1.893e+00


  Ampiezza massima segnale dopo sottrazione finale:
 8.12243738619360459e-03

