Indice          omega         comb. lin.    err       modulo      fase
    0 -2.21971749275514474e-13    0   0  2.2197e-13 1.6566e+00 -8.799e-12
    1 -9.10317421278726391e-01    1   0  0.0000e+00 8.6367e-02  1.488e+00
    2 -1.06985933334191152e-01    0  -1  1.3139e-07 2.7248e-02  1.108e+00
    3 -1.01730335461225718e+00    1  -1  1.3139e-07 2.2687e-02 -5.612e-01
    4 -8.03331487421781065e-01    1   1  1.3087e-07 2.2298e-02  3.688e-01
    5  1.06985933354904181e-01    0   1  1.3137e-07 2.1981e-02 -1.108e+00
    6 -3.20957801442004309e-01    0  -3  3.9273e-07 5.5855e-03 -2.356e-01
    7 -6.96345550618478581e-01    1   2  2.5879e-07 4.3742e-03 -4.452e-01
    8 -2.13971866446028142e-01    0  -2  2.6301e-07 3.9042e-03  1.325e+00
    9  9.10317421100573343e-01   -1   0  1.7815e-10 4.0547e-03 -1.493e+00
   10  3.20957801604453030e-01    0   3  3.9257e-07 2.8712e-03  2.354e-01
   11  2.13971866459855470e-01    0   2  2.6299e-07 2.5279e-03 -1.325e+00
   12  8.03331487921288279e-01   -1  -1  1.3137e-07 2.4318e-03 -3.706e-01
   13 -4.27943736657137253e-01    0  -4  5.2225e-07 2.4891e-03  1.168e-01
   14 -1.12428928850362797e+00    1  -2  2.6223e-07 2.3626e-03 -2.181e+00


  Ampiezza massima segnale dopo sottrazione finale:
 8.27072488005919579e-03
