Indice          omega         comb. lin.    err       modulo      fase
    0 -7.04171146710221241e-09    0   0  7.0417e-09 1.6788e+00  2.405e-08
    1 -8.89756413996192763e-01    0   1  0.0000e+00 1.8390e-01  3.019e+00
    2 -9.96743622315202304e-01   -1   1  1.1552e-06 5.3611e-02 -1.599e-01
    3 -7.82771347977325616e-01    1   1  9.8713e-07 5.2366e-02  3.025e+00
    4 -1.06985863526235389e-01   -1   0  1.8963e-07 2.9687e-02 -1.921e-02
    5  1.06986053151537877e-01    1   0  0.0000e+00 2.3949e-02  1.920e-02
    6 -6.75786170416888265e-01    2   1  1.8627e-06 1.1128e-02 -2.967e+00
    7  8.89756301363367474e-01    0  -1  1.1263e-07 1.0728e-02 -3.022e+00
    8 -1.77951237545950480e+00    0   2  4.5253e-07 9.2214e-03  2.905e+00
    9 -1.67252825949129513e+00    1   2  1.4847e-06 6.8429e-03  2.884e+00
   10  7.82771065094291285e-01   -1  -1  7.0425e-07 6.3808e-03 -3.027e+00
   11 -1.10373014340927655e+00   -2   1  1.6231e-06 6.1416e-03 -2.960e+00
   12 -3.20959940636436070e-01   -3   0  1.7812e-06 6.1184e-03  2.668e+00
   13 -1.88650079001216331e+00   -1   2  1.9089e-06 5.4698e-03 -2.936e-01
   14 -2.13971671716508383e-01   -2   0  4.3459e-07 4.3415e-03 -8.955e-01


  Ampiezza massima segnale dopo sottrazione finale:
 2.34060733829872941e-02

