Indice          omega         comb. lin.    err       modulo      fase
    0 -1.63582453001502523e-13    0   0  1.6358e-13 1.6788e+00 -4.833e-11
    1 -8.89757690254081246e-01    0   1  0.0000e+00 1.8390e-01  2.879e+00
    2 -9.96743623681465518e-01   -1   1  8.2920e-11 5.3611e-02  8.261e-01
    3 -7.82771756902705063e-01    1   1  6.9121e-12 5.2366e-02  1.759e+00
    4 -1.06985933327298985e-01   -1   0  1.7165e-11 2.9687e-02  1.107e+00
    5  1.06985933344463990e-01    1   0  0.0000e+00 2.3949e-02 -1.107e+00
    6 -6.75785823490089532e-01    2   1  7.5064e-11 1.1128e-02  9.243e-01
    7  8.89757690186327777e-01    0  -1  6.7753e-11 1.0728e-02 -2.882e+00
    8 -1.77951538051703606e+00    0   2  8.8736e-12 9.2215e-03  2.625e+00
    9 -1.10372955730144695e+00   -2   1  3.5844e-10 6.1417e-03 -8.483e-01
   10 -3.20957800665511439e-01   -3   0  6.3212e-10 6.1189e-03 -2.370e-01
   11 -1.67252944729334718e+00    1   2  1.2965e-10 6.8428e-03  1.478e+00
   12  7.82771756679212616e-01   -1  -1  2.3040e-10 6.3807e-03 -1.761e+00
   13 -1.88650131400549048e+00   -1   2  1.5286e-10 5.4699e-03  5.525e-01
   14 -2.13971866526451421e-01   -2   0  1.6248e-10 4.3414e-03  1.356e+00


  Ampiezza massima segnale dopo sottrazione finale:
 2.33554010744519182e-02

