Indice          omega         comb. lin.    err       modulo      fase
    0 -4.60368951469476953e-13    0   0  4.6037e-13 1.7601e+00  1.264e-10
    1 -8.10805028917196080e-01    0   1  0.0000e+00 2.9474e-01  7.938e-01
    2 -9.17790962450662051e-01   -1   1  5.9391e-11 1.3899e-01 -1.276e+00
    3 -7.03819095408208750e-01    1   1  3.4912e-11 1.3006e-01 -3.243e-01
    4 -1.06985933442198242e-01   -1   0  3.1877e-11 4.3415e-02  1.096e+00
    5 -5.96833161732053918e-01    2   1  2.3699e-10 4.0088e-02 -1.235e+00
    6  1.06985933474075215e-01    1   0  0.0000e+00 3.5023e-02 -1.096e+00
    7 -1.51462412440720851e+00    1   2  4.6892e-11 3.0733e-02 -2.700e+00
    8  8.10805028892751856e-01    0  -1  2.4444e-11 3.0795e-02 -7.958e-01
    9 -1.72859599142836151e+00   -1   2  1.1989e-10 2.6144e-02  2.653e+00
   10 -1.02477689615470857e+00   -2   1  2.8936e-10 2.4706e-02  3.133e+00
   11  7.03819095414766838e-01   -1  -1  2.8354e-11 2.2608e-02  3.233e-01
   12 -1.40763819079876984e+00    2   2  8.7472e-11 2.2200e-02  2.605e+00
   13 -1.62161005807249081e+00    0   2  2.3810e-10 2.0913e-02 -1.507e+00
   14 -1.83558192507858364e+00   -2   2  2.9604e-10 1.0918e-02  6.116e-01


  Ampiezza massima segnale dopo sottrazione finale:
 8.07332349757031442e-02


