Indice          omega         comb. lin.    err       modulo      fase
    0 -1.16829890825007552e-08    0   0  1.1683e-08 1.7601e+00 -1.745e-08
    1 -8.10802220412603525e-01    0   1  0.0000e+00 2.9474e-01  7.555e-01
    2 -9.17790154084984877e-01   -1   1  1.6229e-06 1.3899e-01 -2.440e+00
    3 -7.03817581398051617e-01    1   1  1.6717e-06 1.3006e-01  7.634e-01
    4 -1.06986165869465980e-01   -1   0  1.4487e-07 4.3414e-02 -2.970e-02
    5 -5.96831143374859541e-01    2   1  1.5444e-06 4.0087e-02  9.786e-01
    6  1.06986310735670262e-01    1   0  0.0000e+00 3.5023e-02  2.968e-02
    7  8.10802114746679292e-01    0  -1  1.0567e-07 3.0795e-02 -7.574e-01
    8 -1.51462223790545014e+00    1   2  4.1078e-06 3.0734e-02 -1.650e+00
    9 -1.72859518433536397e+00   -1   2  4.4328e-06 2.6144e-02  1.451e+00
   10 -1.02477777639869583e+00   -2   1  2.9345e-06 2.4704e-02  8.431e-01
   11  7.03817186554128171e-01   -1  -1  1.2769e-06 2.2608e-02 -7.644e-01
   12 -1.40763539755948131e+00    2   2  3.5782e-06 2.2200e-02 -1.503e+00
   13 -1.62160855930781023e+00    0   2  4.1185e-06 2.0913e-02 -1.583e+00
   14 -1.83558117453325353e+00   -2   2  4.1122e-06 1.0917e-02 -1.717e+00


  Ampiezza massima segnale dopo sottrazione finale:
 8.03231282084863468e-02



